eng med-full
Precision: 0.744588744589
Recall: 0.756043956044
F1: 0.750272628135
