tur large-large
Precision: 0.779069767442
Recall: 0.210824417873
F1: 0.331847449232
