eng supervised(5.0) med-med
Precision: 0.839898348158
Recall: 0.536090835361
F1: 0.654455445545
