tur med-full
Precision: 0.675398633257
Recall: 0.371088861076
F1: 0.478998384491
