eng supervised(0.1) small-small
Precision: 0.725153374233
Recall: 0.498734177215
F1: 0.591
