eng med-full
Precision: 0.711809317443
Recall: 0.722772277228
F1: 0.717248908297
