eng supervised(3.0) med-full
Precision: 0.85414091471
Recall: 0.758507135016
F1: 0.803488372093
