tur med-small
Precision: 0.737201365188
Recall: 0.273764258555
F1: 0.399260628466
