eng supervised(0.1) med-full
Precision: 0.697594501718
Recall: 0.669230769231
F1: 0.683118339877
