tur supervised(50.0) med-med
Precision: 0.743664011586
Recall: 0.615707434053
F1: 0.673663496228
