eng small-full
Precision: 0.7283950617283951
Recall: 0.5221238938053098
F1: 0.6082474226804124
