tur supervised(1.0) med-med
Precision: 0.749801429706
Recall: 0.578077158604
F1: 0.652835408022
