eng supervised(5.0) large-large
Precision: 0.872536136662
Recall: 0.72967032967
F1: 0.7947336924
