eng supervised(5.0) small-small
Precision: 0.771752837327
Recall: 0.515151515152
F1: 0.617869762746
