eng med-full
Precision: 0.6882416396979504
Recall: 0.7041942604856513
F1: 0.696126568466994
