tur supervised(50.0) med-med
Precision: 0.743664011586
Recall: 0.510691198409
F1: 0.60554245283
