tur supervised(20.0) med-med
Precision: 0.751330798479
Recall: 0.594464500602
F1: 0.663755458515
