eng supervised(5.0) med-med
Precision: 0.848792884371
Recall: 0.734873487349
F1: 0.787735849057
