eng supervised(10.0) small-small
Precision: 0.789743589744
Recall: 0.678414096916
F1: 0.729857819905
