eng supervised(5.0) small-small
Precision: 0.78184110971
Recall: 0.68281938326
F1: 0.728982951205
