tur med-large
Precision: 0.656144306652
Recall: 0.364661654135
F1: 0.468787756746
