eng supervised(8.0) med-med
Precision: 0.860256410256
Recall: 0.738173817382
F1: 0.794552989935
