eng small-small
Precision: 0.5
Recall: 0.7294589178356713
F1: 0.593317033414833
