eng supervised(0.1) med-med
Precision: 0.807462686567
Recall: 0.597130242826
F1: 0.68654822335
