tur supervised(1.0) med-med
Precision: 0.749801429706
Recall: 0.487100103199
F1: 0.590553644041
