eng small-small
Precision: 0.679723502304
Recall: 0.329241071429
F1: 0.443609022556
