eng large-med
Precision: 0.7875
Recall: 0.627212389381
F1: 0.698275862069
