eng small-small
Precision: 0.5013736263736264
Recall: 0.40555555555555556
F1: 0.4484029484029484
