eng supervised(0.5) small-small
Precision: 0.793854033291
Recall: 0.683572216097
F1: 0.734597156398
