eng small-full
Precision: 0.8353413654618473
Recall: 0.23370786516853934
F1: 0.36523266022827044
