tur med-full
Precision: 0.6437552388935457
Recall: 0.4785046728971963
F1: 0.5489635453895639
