tur med-med
Precision: 0.679746835443
Recall: 0.33604505632
F1: 0.449748743719
