tur supervised(10.0) med-med
Precision: 0.740377358491
Recall: 0.590252707581
F1: 0.656846334114
