eng med-full
Precision: 0.8164116828929068
Recall: 0.6457645764576457
F1: 0.7211302211302212
