eng large-med
Precision: 0.777777777778
Recall: 0.487380330722
F1: 0.59925093633
