tur med-med
Precision: 0.679746835443
Recall: 0.394562821455
F1: 0.49930264993
