eng med-full
Precision: 0.7002164502164502
Recall: 0.7117711771177118
F1: 0.7059465357337698
