Precision: 0.737201365188
Recall: 0.387096774194
F1: 0.507638072855
