eng supervised(20.0) med-med
Precision: 0.847908745247
Recall: 0.73597359736
F1: 0.787985865724
