eng small-small
Precision: 0.5
Recall: 0.4672657252888318
F1: 0.48307896483078966
