tur med-large
Precision: 0.656144306652
Recall: 0.410437235543
F1: 0.504989154013
