tur large-med
Precision: 0.650755767701
Recall: 0.509339975093
F1: 0.571428571429
