tur large-med
Precision: 0.650755767701
Recall: 0.426263678999
F1: 0.515113350126
