eng large-large
Precision: 0.789644012945
Recall: 0.274157303371
F1: 0.407005838198
