eng supervised(10.0) med-med
Precision: 0.855683269476
Recall: 0.737073707371
F1: 0.791962174941
