eng supervised(1.0) small-small
Precision: 0.7916666666666666
Recall: 0.5152013147082991
F1: 0.6241911398705824
