eng supervised(0.1) med-med
Precision: 0.801492537313
Recall: 0.489516864175
F1: 0.607809847199
