tur supervised(20.0) med-full
Precision: 0.7848101265822784
Recall: 0.5663824604141291
F1: 0.6579412805093738
