eng supervised(0.3) small-small
Precision: 0.776365946633
Recall: 0.505794701987
F1: 0.612531328321
