eng supervised(0.3) small-small
Precision: 0.786531130877
Recall: 0.682469680265
F1: 0.730814639906
