eng supervised(3.0) med-med
Precision: 0.857142857143
Recall: 0.533442088091
F1: 0.657616892911
