eng supervised(2.0) small-small
Precision: 0.796675191816
Recall: 0.686879823594
F1: 0.737714624038
