eng med-full
Precision: 0.66404494382
Recall: 0.648737650933
F1: 0.656302054414
