eng med-full
Precision: 0.6998916576381365
Recall: 0.7106710671067107
F1: 0.705240174672489
