eng supervised(1.0) med-med
Precision: 0.847090663058
Recall: 0.523849372385
F1: 0.647362978283
