eng supervised(1.0) med-med
Precision: 0.853856562923
Recall: 0.694169416942
F1: 0.765776699029
