tur supervised(20.0) med-full
Precision: 0.7834710743801653
Recall: 0.575591985428051
F1: 0.6636331816590829
