eng supervised(3.0) med-med
Precision: 0.866317169069
Recall: 0.727172717272
F1: 0.790669856459
