eng supervised(1.0) small-small
Precision: 0.7908163265306123
Recall: 0.5149501661129569
F1: 0.6237424547283702
