tur supervised(10.0) med-med
Precision: 0.740377358491
Recall: 0.497716894977
F1: 0.595266990291
