eng supervised(10.0) small-small
Precision: 0.779487179487
Recall: 0.513947590871
F1: 0.619460010188
