eng supervised(50.0) med-med
Precision: 0.836888331242
Recall: 0.733773377338
F1: 0.781946072685
