eng small-small
Precision: 0.4097914777878513
Recall: 0.49077090119435396
F1: 0.44664031620553357
