eng supervised(0.1) small-small
Precision: 0.734969325153
Recall: 0.661878453039
F1: 0.696511627907
