eng supervised(1.0) med-full
Precision: 0.790303030303
Recall: 0.716483516484
F1: 0.751585014409
