tur supervised(1.0) large-large
Precision: 0.734726688103
Recall: 0.564546016059
F1: 0.638491093259
