eng supervised(1.0) large-large
Precision: 0.847338935574
Recall: 0.665566556656
F1: 0.745532963648
