tur supervised(5.0) med-med
Precision: 0.745970836531
Recall: 0.586956521739
F1: 0.656978709023
