eng med-full
Precision: 0.7014115092290988
Recall: 0.7106710671067107
F1: 0.7060109289617486
