eng supervised(1.0) small-small
Precision: 0.793893129771
Recall: 0.687982359427
F1: 0.737152982871
